Afu-182	Chr4_A_fumigatus_Af293	99.54	217	1	0	217	1	2000431	2000647	3e-76	283.4
Afu-202	Chr1_A_fumigatus_Af293	99.62	265	1	0	265	1	2714414	2714678	4.1e-100	363.0
Afu-67	Chr4_A_fumigatus_Af293	100.00	20	0	0	20	1	709669	709688	1.2e-06	48.9
Afu-67	Chr4_A_fumigatus_Af293	100.00	20	0	0	20	1	444954	444973	1.2e-06	48.9
Afu-254	Chr7_A_fumigatus_Af293	99.31	144	1	1	144	1	927204	927348	3.1e-44	176.7
Afu-203	Chr3_A_fumigatus_Af293	100.00	110	0	0	1	110	3785105	3785214	1.1e-34	144.4
Afu-222	Chr4_A_fumigatus_Af293	100.00	22	0	0	22	1	3256473	3256494	0.00016	41.9
Afu-262	Chr1_A_fumigatus_Af293	100.00	24	0	0	1	24	2675372	2675395	4e-06	47.4
Afu-309	Chr4_A_fumigatus_Af293	100.00	318	0	0	1	318	2735739	2736056	3.8e-129	459.7
Afu-318	Chr7_A_fumigatus_Af293	100.00	24	0	0	24	1	415006	415029	1.7e-06	48.5
Afu-322	Chr2_A_fumigatus_Af293	100.00	46	0	0	46	1	3404793	3404838	5.2e-16	81.1
Afu-336	Chr1_A_fumigatus_Af293	100.00	28	0	0	1	28	2523503	2523530	4.9e-08	53.9
Afu-364	Chr3_A_fumigatus_Af293	100.00	18	0	0	1	18	710476	710493	0.022	34.5
Afu-364	Chr6_A_fumigatus_Af293	100.00	18	0	0	1	18	2935513	2935530	0.022	34.5
Afu-448	Chr1_A_fumigatus_Af293	100.00	29	0	0	29	1	3048109	3048137	8.7e-07	49.8
Afu-465	Chr4_A_fumigatus_Af293	100.00	16	0	0	16	1	2319697	2319712	0.054	33.1
Afu-484	Chr3_A_fumigatus_Af293	100.00	41	0	0	1	41	1802200	1802240	7.5e-17	83.7
